os1_cloud_node-pylon_camera_node:
  q:
    w: -0.50507811
    x: 0.51206185
    y: 0.49024953
    z: -0.49228464
  t:
    x: -0.13165462
    y: 0.03870398
    z: -0.17253834
