vel2os1:
  q:
    w: 0.00018954284517174916
    x: 0.00021657374105704352
    y: -0.0001811754269666679
    z: 0.9999999421723929
  t:
    x: -0.25209722874775564
    y: 0.0010963734677045065
    z: -0.09197253613570998
